100880
1115539
11212
1123719
11595
11599
11613
1166016
1172
1204526
1220705
1234555
1240726
1240783
1248412
1324794
1385593
1414647
1460691
1462439
1547436
1608140
1608993
1615675
1656095
1708091
1715259
1715690
172540
1755240
1763560
1768906
1792031
1825934
1855411
1884788
1884789
1884790
1885026
1886668
1886669
1886671
1903180
1905567
1909671
1914994
1917423
1917424
1920127
1921765
1935460
195054
2274
228748
260398
265729
279143
279144
284037
285533
319938
33009
340044
35758
37133
37705
382503
383630
415195
418642
443821
46225
46607
477693
548466
573211
586422
586423
66877
66884
745177
745713
86662
867696
